$ANSIBLE_VAULT;1.1;AES256
63303166353238646332393539353038366161303238393664393638333530396666323161343537
6265613833306361626534303136363462386162376537330a353062316564333261396638326239
38373365313834613137366561626136653962323431356130383837666137613533363333306330
6666616530653338330a323466303763643733656438333033366364373639343663643365333661
63373764323461333131353763333931326438643139323930356134663964313837353538393035
61386539356434366331306462303332626431363630633862633732313366306530616362633563
66346333653230633635626232626139616363633232326232623164613963643539306239396630
62656661653434303434363363633033313863343233306134353062373037326336396634303561
65396130346438643537656263636635386133636634373066356235326663626563643639393263
61333138306138396231396535353938303338313864633731386337356239636661353836633561
37353735333064326361386165316536633032643263643033373561656637653333636631356364
64313833633361326134336364313936636565363762623236643766333862613431626362306332
35633830613462623438383034386261386265653136396161383531633135316466633239633338
37646661646662356464333836346562323834636463373230353164393130626235623933346265
61653931386462653065646562343937356265363832643732353963306538383130303965343738
33326362666161353262343330616235623937313636316161303035333539323332393661323265
36653362656130663734633231376333613137376430393131326535616630636465353765333962
63316232383033623338353636623032646262623231666533356438626534353864393964316137
65343764363037313964323562376339383633303166666339633534663162636637643066643430
30666564653633623931626662646433663061353937396139363664646666663763646636653161
33313639623337653833313532626138336238303865666139366261623433396135346461313231
64666637323336303031333664633932653134346439316663353639636262386333323135383066
31653964356238366164343636626638633533646130343230653339383366646534376131313231
38386633386433303330393730313132343731386134373339643162616234306465613437636638
36303931383365353636376330393434653230653630303463643131633830666237383262393335
38313730386133353133613933393563623966393162363661366562663964643630386161396163
31626331326164356531653761326136326532363963376163646438643637343537663033393664
36316533366531393564633438613535306139343939343831376263666232376665306133623032
65323366633134313933343932623334306330656263626665636331306562363235643536646537
35646630623233343135666130623430313536313662393931326332303735623535653234326634
62616533636132346362373762313962393131306438326434373938643465663764396561653939
61376436306333623364346234333034396565633237386632643865313136646633666462376233
66323365373336343365373930386431653561303761386533343338396131363464373633336538
37366266353332303433386664636265313062373661316534316231356534363638376131643730
31353238646637623465646431356266646664623831323366616339643262623337353235346131
65633366363633373764396664303265356232616333396161663537326563353362653062343064
65643536633462313232393835333439643766633336343335383431653836653762366635393931
32623939616361393563656162616134613563646632343461303833316361353538303863623265
39313664343433313336663339646134333135616434376434333262623430363133313035326337
36366234663837646162616365396165353766616365333934646238306534353964636331373966
62646466303761613266306336663635666237373334663238313836393434336166333162313730
36666234663538333363313735313863323339636231353831653163383538383732303661663530
38653234653136366163303136663262343833333566633264663462363834373734616539356237
38333232623331366165326436626436393735363763303735366165623433366463343038633363
33343261623838306564363466623262613662643238626432316462656137313630386565366639
61373835376261333564613164343331346335363133396235333162303730646165323833373736
35633266643861636162396131393539396533666332343562663765363862643964363738376337
65316166356433633634313037343163616334346637306132326561626362393261646231376665
64373965333434643836396133313437623964386164613966333564323561363564326331306663
35306432633866623034633631613532626137376561613866626633373436616431386164323766
31613462633131373733393861356161643236306465633234313434363334313964643232306262
33373630353337623461326132643263353063323666306434616539623535636237363130396463
65623264303163306665313163663533346330353062653633633466393135353335323264653633
31356466666635336362366436346331303766346433646539333165356130356334613161383735
31613333306464376630333166313861646631613038653365343763643837323333356266613032
34346262333638326434653632393836396233386339336136393163373038636336316630646266
32376264336132313262316563356131656266383638656132363664366533383230313231336533
38363938386631343565356232393339323862303861363665373363646430343736393138616235
37303063336233393935373739633438623533626433633661636265616162626631643536643430
35663163666133653263316539306464633831386631346661653735376133626139646562356636
30663334303836656164373265633837336663653137336639613165303131383632643539396538
36643364343661373337646630363730396633623531616536323532643561346566333235353633
30626638346532663665366364386564366431633735353863313661326463333131386639346662
33373838616664333239633832366634343933373730343839653664656364666530353963656237
30393662333830353736656436323436333737653730313931396665323462653935373634343630
63643335363336393534353437363664643836386465303165663062613437333439646235333932
31666565646338356335393566333033666366383537316363653166613936306537343937636565
37393361626139656230303336333561653066346534316365366432383666626438663034656132
61663633643362616537353161376231316362626531363164393865626461326634306264396330
66346639663932626264363935356665663639366635326531636464346566333631393265656633
61373635366462653735333966386264393631313039663733313665306539623239353565343866
33643537356266326436616239316564363936366263303533636635313161663231633563336265
38346165383263343434656362386361333566346261653065653933346333616561373232633137
64313461663239643235663734613632333034363534333439383638393164373764353662663334
31333632353633376233616463303964383266303135343832326238333536626164656633626261
31396337393231333931616636383631326239313739366439636439653863336237356161333461
64326539393061376332633066303736393161626437623434383265333964376365613739633836
62373131613138623139633638343962653738626232336262313162666534393133346362646239
35383636306534396537656165356533356334383439616666353533383766303261656632623863
66343638626431386536623566396166316633363136613534626664303938613864623837313764
39383430333437313530373464626663623163303032306565373533396132313635663533376366
34303836363038393964323032396361363037333139643464303632613630313937643261666133
32373632363063386433336334626635316263383936643939613931303064326563663264323066
61393666646636623630666133323761353838616336353362623039653834373335656330613235
31326137653063653661306366346438613633643264363961373631313466653064373134623663
63323438363830613665353563393033656636383935366234656266623336633963386136333631
38386530313064643538396130306333663938336539323465303865303839326338393338396665
66313063663562303532343162626464643532373439373630653733666335333066316136376365
30346632346130623933396133346233373165336435326437333266643064626465653764643337
37623136623465663339376433333763353330626637366662343838306230613033653333373836
38633963363634376633656439633735333238353933653030653630623438306463646362653230
64623134666135333236366333313830366635616565373937393364336433323231613062393536
64653937633830313366663432623230646334613331373236306332303563636335393131386230
61373465626334323036636337353930666132623739303565343466313061373062613031333134
66376134346330623136366432623764393632356436653534386364663566386337633765626638
36323566303032663163303639313537333039353936613365376665393964323132656461366232
31326234613531626135393665373935346662356236393835396238323739626566313736663733
66303634306635313434646532383663653462356565313666613363383166316636373837393031
66323666393562656534396234356139626433313439663338616532343733396432656133663961
34303363643639363031326536376533303235393466303032633034636330613130343631313637
39643063636362646131643563376234316565323631373437366432623336396633383932616462
65613336326461636433303930303035323734393433666234623437663730376561316630323933
62313238643136663036663831396332613630613537393263313262636133663566393639333261
65666333323664343437663864666364366132373939313837633835333161656532653361623866
35643138306535383732393665316636343331626332333665653366303032663030326336323033
30643239656431396462333064323262626537303933303762336135636432356239666133326461
61643564333139643532633533396461323161333964373439303761316338653036323132643733
34343037363638383061623331663336616236356336333438393933393664383930633733333834
30326634633538393166646237633839353464353137313538303330636366333930383930663937
66623839376266356632363538343637663233636339663533636261373633303436376234386330
37643739323839313961613539383636386136363361613931643566356531303638366136383638
62356164333937303337616564383531643761316432643637633661373834383562323063613833
66626339376663326237306465663936363837646335363961646338636365613761336632643365
38316635653532346436633834613761363231373333613461333162326663336361326164636230
30616364623063653836393765643866353664353036336232343530363531346432376634323465
65376434653065383964396636333730333566396165366538373539633632333661646665633965
64633639303431323666323036616337666638343139633537346533366130386433663934306662
61393764633838616132626261376439336239653332626239323436623866353133626434663837
31303531346265663232313935363933323337343966646630373764613964346164346364333439
38313737646639383036623037333665623865393537663632316265363839386432336433326563
65636231643835303463366361393832313564363137343539323362356339333065316266346361
62386539656662616462626632323264623966393932363165336266623830383464663430326334
30326361363431373961383062363534396363306666323831393261373530643430316139336335
66346362616132313864383932663134653130343763306232326434303338653366613264393634
35636266356561323662333761363835616636363336333839393538353731366136656336353332
65346234336263333033383938353862656432653563386337383037326135653562343165626661
31316661623263383537396330386438663037383039353265616565393463633165353664623964
62333338366339336534393733636266333034613735383930343031613437376535353439373035
39643865373462373164643662643663333132613436336338313938316238643762393564643834
31633165623139616330623638623631333130323830646430313564303665313632343963373962
35363138393163323463623139326662653664636464626638306466353762323830393538653037
32373838306563373863333663643963396665396639666464636631653865626138643263353630
31376631313830613663663963323738633730623430663036636330643936623238653937396362
61623736653039316134626566373330373230643861623961613434646435353137666230376434
663233363764356333333338313732303932