$ANSIBLE_VAULT;1.1;AES256
34373164323063303831366137396161383962396161363934393537323538306466623264623135
3265393738333061616230633431316535663737623638330a373365616634356536666638643266
36323733356331323938356639393361366166653562663164663035373636303738313133643533
3739636438313138370a343262343036303230623435323331653062356231306635663230656264
30323630613230396465323432643634646533326663633565306634623833626431343564313030
35623266303833386239376161376264353165306262316138373562313632636232303833323262
31313533326333303163383364643366383561313132626262366633396461613764633738343639
33623132313736343538313833313836326634313935306532303637616264316134373237343666
35386564393038323936303934646538356230323239346133326166363736376439303265626463
36313333633562313030313861653536363565396162366166376636626662646332643335613464
30633836383437326465326533346433326362343135396465343938333564653462386336626664
66643439613237386639353662333534663436646166623830316564346331326135323337396265
31323633303533666639396466313436303538656665663063666131623732363765346335356632
66656561353362383262343036353538646136653936383332663061333837303937653862656461
32323964333333376535663230383561326432316462656664616137663936333431383039313638
31383261393636653964383062356337623963333234643437376462343865396139616663373361
34303236323362313232383930353865336438633836366265646438633439656439353132656132
63376562346239366130623539366535343163393364343765396230636639303634663337313934
66616566613832306539343635303365386636363733643037393236633964333536313537653236
39363934323534326534646630653461396331386236346130636235656465666463656161316337
36386231386663323139613632386232626662303632323662643964393436363962353733326230
64376361393137653261373133306632616635326632663330373732666535336163393834633462
35323362346463336564646261363666353432303439356331633639363635616338653365616666
34333336356662386164653562373738646332663830656436343238336362353566343566316336
35343435616230613631626230373930353333323732323236363339646630646434376434616431
36346661386363376131376637633036623365653034353735393432396261333137656530643066
32363864383331613635366561653061393062623638616430363131396266373836613638646230
39643465353363346136306534626165646666613931303165613730623766643538316439643862
66353263356337366662613736396230396363326530356531313261323732613063373665373764
66626630306139336464333461323232643532376665636262616465363731376364373030363739
64306661383263363137356533623536333939316661623431323234373938633333326530653934
36613563323765333134646566333239303262316231653964323661353737303630313638313963
37656264396134323464346262653836653463333431393534613331653163646466613038663630
63663330313636313634346337396338633264303231323939393436356139656463323166383634
34353562386166336639323932313134373331336566623966386331656232633337356166333466
36663831653964643631663961336235333735366366626362373534323635343666316163343337
36646237356536346636356235646531313762666361313236666664663761393864383461643363
35313966366336626661383132386431653431623966356238313065316338393138333030623137
31623831396665333136653261346364613234633264666231613837663662323435613331313330
66613234633063353166646638653736353933613739393565633433626262653336306363613339
35343964333432333164326663663735336637356538326139336536656665386134323063663161
33303763336335326630623534663531356533363637333531336131663133353433666537313864
31356333363861626130633334373632376563623632656238336239333330366532356563333366
33643530643337383537363039303734643037353963313162353936336639623563636636393430
39663062336561323661376634336538323730633033363539613139363034343562386164623364
32616137333833653363616538386162653264623734306566653436343936343436633034336663
62316439313265316632643839613762396362616136393933383466386237393637663562626664
32393430393135613266323865353230373837626566373432383461373931313061303331616161
65623438303433636264386435336137396338623831666564353834323532646339313461373237
33363563366161613137333835303536306332613238383433373332396639343066636666346536
62373436643936326132373434656339396430376332653037366532343435303161383833333636
66623234346136313236363832393531623231383764356661653464636666363735303766386439
62666231636437316530306565383965383330376636346331623738383462633133323463356633
37666266666566343130346436663261393234323739386562666537313161313463616635323332
63663362643164666537346535366631393762336437616539346663636536353466383530363634
37653962663334613662663530396436313530663338393238303733356136653633353761633563
31303230313064303964333533336462323838303161643834346239623434336438396233313334
66363564336264333932386238643734396663396564633065343539663937333862636134333532
61393034396430663166363032323832316365623066373232383939306233343836356139613962
36393662663732383732336436393131353565373730333933346636376530623132343164653263
36626562626537643064626138336330323937343639666434653233663138316337386161666264
39396166623334323135613462356133626362613562333034636464303663363965643263396562
34376439623537313535376335353331336337306261363064623335323633616636346562343765
33316333323937333964333231633432383738333666636532386639363735336663356434643335
65353337373337653036643264313366353331373863376432363234376430393232646130636631
62663532613334633833376139393766616665396538666635383239323866613765396361643931
36393764663566313863303537323362306663323966666466373134313133393934636461633632
35356332323464323235653835303261656534386137363862383166663662303761373161396532
66656634616634623265343861616439636566656431613561356366393037316134643635373963
30663536366638613030643631646363373036343761356635613266343165653961643234303434
65343731323565643433343334346665303133343539323633646265363239643636386132353264
34376163653236656233643962326465386361353162653238393634366132626239666635386536
62626236636139636132616437393865303134363461356333353039626262326638343565336433
35383062343164383036313739346266633834373063386333393165336661666162633463303261
37626337353332356239363430333136303536363032303033363563353461363035646663303862
34616436366530656333636164653066386664343531386132646338396265356666396631623330
32383462653933376333363033663363396635626538396166363162643837366463333432343162
63656464616138633261346437326132376334356662346462366432326335323662613838653233
62313539643463633338316134393366343732376664336466393263306130363663623032656561
66386536323135653935653162333066343633306663323637396330323764653331313139653730
61326432323462373132626337373161313138666365336633386333343837613066343963306433
37373638613633373837663533613338663133616432333335653231383165613337383731623334
38333937346564353634383361353431323030333532343532666232373266333732623865386139
31363163303434383730663763363433376162653262626236376562373330323432613732636666
62333064643965323130363032323039373261363234313564636461343830633464663331373366
39386535623533346336383335353631643131666562633839653839396665623435366239316237
35616666363138306437616631313539376136373165623832643634303135646661303232333065
32656634616635653563